num_classes: 6
weights:
  ANG: 5.85531496062992
  DIS: 5.85531496062992
  FEA: 5.85531496062992
  HAP: 5.85531496062992
  NEU: 6.845799769850403
  SAD: 5.85531496062992
